0.00000 0.00000
0.05000 0.00000
0.10000 0.00000
0.15000 0.00000
0.20000 0.00000
0.25000 0.00000
0.30000 0.00000
0.35000 0.00000
0.40000 0.00000
0.45000 0.00000
0.50000 0.00000
0.55000 0.00000
0.60000 0.00000
0.65000 0.00000
0.70000 0.00000
0.75000 0.00000
0.80000 0.00000
0.85000 0.00000
0.90000 0.00000
0.95000 0.00000
1.00000 0.00000
1.05000 0.00000
1.10000 0.00000
1.15000 0.00000
1.20000 0.00000
1.25000 0.00000
1.30000 0.00000
1.35000 0.00000
1.40000 0.00000
1.45000 0.00000
1.50000 0.00000
1.55000 0.00000
1.60000 0.00000
1.65000 211.31589
1.70000 212.21106
1.75000 205.59550
1.80000 208.98014
1.85000 224.29694
1.90000 200.69074
1.95000 219.13825
2.00000 215.29817
2.05000 211.50364
2.10000 215.61914
2.15000 213.69444
2.20000 227.34733
2.25000 222.86874
2.30000 205.60056
2.35000 140.43153
2.40000 116.64504
2.45000 125.84512
2.50000 131.88428
2.55000 132.60382
2.60000 134.90502
2.65000 131.65389
2.70000 141.62700
2.75000 153.64288
2.80000 143.16560
2.85000 135.06111
2.90000 146.44792
2.95000 168.61109
3.00000 157.89330
3.05000 166.06107
3.10000 140.52100
3.15000 163.60293
3.20000 161.43917
3.25000 139.75171
3.30000 138.14371
3.35000 141.99000
3.40000 154.54935
3.45000 207.19120
3.50000 222.94439
3.55000 222.79993
3.60000 214.17173
3.65000 220.80687
3.70000 221.45636
3.75000 220.15457
3.80000 225.27246
3.85000 222.37291
3.90000 174.47060
3.95000 129.45595
4.00000 136.77689
4.05000 142.57397
4.10000 179.56084
4.15000 126.93706
4.20000 136.71495
4.25000 155.34932
4.30000 149.73277
4.35000 152.25386
4.40000 140.34243
4.45000 129.57285
4.50000 161.89269
4.55000 153.03258
4.60000 160.77050
4.65000 156.62033
4.70000 158.10075
4.75000 150.76715
4.80000 203.69941
4.85000 226.94821
4.90000 221.80098
4.95000 231.52144
5.00000 233.40762
5.05000 232.61608
5.10000 229.71908
5.15000 225.41193
5.20000 229.10588
5.25000 235.80969
5.30000 221.58129
5.35000 226.02957
5.40000 222.76231
5.45000 230.83512
5.50000 222.27537
5.55000 222.70680
5.60000 221.07157
5.65000 220.20700
5.70000 228.60322
5.75000 223.67535
5.80000 222.81913
5.85000 178.33247
5.90000 188.65004
5.95000 186.91811
6.00000 178.28116
6.05000 199.86368
6.10000 184.95928
6.15000 187.35846
6.20000 187.41634
6.25000 188.86759
6.30000 195.48340
6.35000 188.42502
6.40000 165.75620
6.45000 163.81424
6.50000 163.07914
6.55000 154.57517
6.60000 131.52811
6.65000 156.28548
6.70000 137.30465
6.75000 132.60727
6.80000 133.21383
6.85000 134.70386
6.90000 132.02053
6.95000 129.26384
7.00000 140.65333
7.05000 138.28338
7.10000 131.02473
7.15000 129.92157
7.20000 133.99074
7.25000 134.17584
7.30000 135.74026
7.35000 131.02745
7.40000 133.56941
7.45000 0.00000
7.50000 0.00000
7.55000 0.00000
7.60000 0.00000
7.65000 133.92145
7.70000 127.94297
7.75000 142.54278
7.80000 0.00000
7.85000 0.00000
7.90000 0.00000
7.95000 141.15190
8.00000 164.87385
8.05000 171.96801
8.10000 161.05681
8.15000 167.01223
8.20000 164.09159
8.25000 189.03192
8.30000 180.32828
8.35000 176.44449
8.40000 189.27413
8.45000 187.04908
8.50000 180.24668
8.55000 182.26051
8.60000 177.51634
8.65000 143.97398
8.70000 135.18608
8.75000 148.09800
8.80000 146.75689
8.85000 141.35948
8.90000 147.96091
8.95000 152.93277
9.00000 164.97613
9.05000 162.72563
9.10000 165.48239
9.15000 163.83142
9.20000 171.30231
9.25000 172.47458
9.30000 168.07383
9.35000 170.86567
9.40000 167.77484
9.45000 174.27025
9.50000 169.01287
9.55000 192.34006
9.60000 208.18627
9.65000 210.30536
9.70000 192.72205
9.75000 194.53664
9.80000 206.24398
9.85000 198.35987
9.90000 203.27264
9.95000 204.50013
10.00000 214.02482
10.05000 206.66102
10.10000 208.34499
10.15000 206.31139
10.20000 205.53826
10.25000 204.85950
10.30000 212.79634
10.35000 208.98737
10.40000 200.71240
10.45000 188.88773
10.50000 196.89464
10.55000 206.56736
10.60000 196.87986
10.65000 202.92819
10.70000 203.04319
10.75000 169.02266
10.80000 130.45093
10.85000 131.83743
10.90000 134.72353
10.95000 134.55034
11.00000 131.11119
11.05000 130.31734
11.10000 219.73658
11.15000 217.09755
11.20000 221.40906
11.25000 231.33512
11.30000 219.40630
11.35000 232.88627
11.40000 235.22238
11.45000 235.10423
11.50000 246.09248
11.55000 234.31774
11.60000 234.54321
11.65000 234.43001
11.70000 224.52978
11.75000 229.16304
11.80000 228.17905
11.85000 241.75033
11.90000 242.64263
11.95000 226.15525
12.00000 222.13749
12.05000 217.93377
12.10000 234.94327
12.15000 214.62148
12.20000 207.86532
12.25000 204.40627
12.30000 198.40630
12.35000 206.04394
12.40000 225.35330
12.45000 208.24494
12.50000 203.70871
12.55000 207.68354
12.60000 197.54825
12.65000 178.28933
12.70000 174.30772
12.75000 173.30255
12.80000 166.72771
12.85000 184.91511
12.90000 183.02227
12.95000 190.56978
13.00000 212.08065
13.05000 209.49625
13.10000 219.21396
13.15000 238.27820
13.20000 225.28763
13.25000 206.44940
13.30000 230.92777
13.35000 232.49629
13.40000 220.27805
13.45000 241.68157
13.50000 229.61689
13.55000 237.49622
13.60000 208.61226
13.65000 209.05827
13.70000 228.07171
13.75000 228.08819
13.80000 231.76669
13.85000 0.00000
13.90000 0.00000
13.95000 0.00000
14.00000 0.00000
14.05000 0.00000
14.10000 0.00000
14.15000 0.00000
14.20000 173.72043
14.25000 224.96176
14.30000 243.69377
14.35000 223.78038
14.40000 231.70221
14.45000 234.23621
14.50000 234.55871
14.55000 234.34870
14.60000 232.54693
14.65000 227.27727
14.70000 243.45229
14.75000 234.97666
14.80000 231.02971
14.85000 197.68612
14.90000 128.81008
14.95000 122.14025
15.00000 138.67029
15.05000 148.48650
15.10000 147.26961
15.15000 140.36050
15.20000 136.59776
15.25000 150.88055
15.30000 158.22853
15.35000 150.36979
15.40000 153.59966
15.45000 154.80778
15.50000 161.64053
15.55000 164.59308
15.60000 165.80200
15.65000 158.92218
15.70000 149.92266
15.75000 168.72187
15.80000 209.51740
15.85000 233.97437
15.90000 214.04040
15.95000 231.22488
16.00000 190.92431
16.05000 199.00338
16.10000 231.72782
16.15000 208.77241
16.20000 231.08113
16.25000 228.96259
16.30000 226.50303
16.35000 239.51736
16.40000 228.94558
16.45000 209.15580
16.50000 141.31731
16.55000 130.88358
16.60000 137.37606
16.65000 138.74802
16.70000 141.57733
16.75000 138.38089
16.80000 134.63597
16.85000 161.78976
16.90000 167.25921
16.95000 157.95201
17.00000 127.18456
17.05000 158.97863
17.10000 160.96620
17.15000 161.40709
17.20000 164.42039
17.25000 153.55991
17.30000 148.70069
17.35000 151.20995
17.40000 190.37439
17.45000 209.80278
17.50000 222.51593
17.55000 228.02051
17.60000 225.62547
17.65000 234.09441
17.70000 232.66799
17.75000 237.86297
17.80000 232.61979
17.85000 235.01138
17.90000 227.73251
17.95000 228.46930
18.00000 225.65102
18.05000 245.44061
18.10000 225.64067
18.15000 230.38790
18.20000 318.34601
18.25000 285.45422
18.30000 301.15107
18.35000 313.08539
18.40000 241.73963
18.45000 296.84143
18.50000 234.25090
18.55000 232.85154
18.60000 224.87268
18.65000 219.53482
18.70000 217.87229
18.75000 223.33378
18.80000 198.95299
18.85000 185.41042
18.90000 184.57300
18.95000 180.29997
19.00000 181.56895
19.05000 180.69360
19.10000 184.22843
19.15000 172.98440
19.20000 162.55731
19.25000 144.01494
19.30000 137.07963
19.35000 138.79222
19.40000 133.91339
19.45000 137.40977
19.50000 143.89223
19.55000 136.40434
19.60000 131.31970
19.65000 137.50423
19.70000 137.99074
19.75000 159.65170
19.80000 139.15637
19.85000 129.54028
19.90000 136.55759
19.95000 133.91064
20.00000 130.95198
20.05000 132.32254
20.10000 129.96519
20.15000 136.28023
20.20000 140.93314
20.25000 0.00000
20.30000 0.00000
20.35000 0.00000
20.40000 0.00000
20.45000 0.00000
20.50000 0.00000
20.55000 0.00000
20.60000 0.00000
20.65000 0.00000
20.70000 0.00000
20.75000 152.74469
20.80000 176.54043
20.85000 179.23570
20.90000 178.59957
20.95000 179.18426
21.00000 178.22608
21.05000 181.82632
21.10000 179.98845
21.15000 177.62532
21.20000 178.62820
21.25000 177.05559
21.30000 175.66667
21.35000 179.57941
21.40000 177.76034
21.45000 184.22687
21.50000 196.81595
21.55000 195.66649
21.60000 190.39193
21.65000 184.06326
21.70000 196.52687
21.75000 197.11903
21.80000 170.61068
21.85000 175.53442
21.90000 171.92508
21.95000 172.62486
22.00000 170.64685
22.05000 165.16298
22.10000 169.84171
22.15000 182.00851
22.20000 172.25605
22.25000 171.37294
22.30000 152.53146
22.35000 152.50066
22.40000 155.54746
22.45000 167.26369
22.50000 174.00879
22.55000 170.96805
22.60000 163.23849
22.65000 160.40106
22.70000 143.07823
22.75000 172.52358
22.80000 166.56053
22.85000 148.76774
22.90000 146.54021
22.95000 144.97453
23.00000 142.95476
23.05000 142.83521
23.10000 143.72204
23.15000 141.84990
23.20000 141.82576
23.25000 147.04416
23.30000 141.15708
23.35000 148.78043
23.40000 145.84005
23.45000 141.27396
23.50000 140.61481
23.55000 141.74446
23.60000 142.73502
23.65000 139.87439
23.70000 146.28759
23.75000 150.31364
23.80000 127.82693
23.85000 129.17520
23.90000 125.50456
23.95000 132.77608
24.00000 132.47118
24.05000 128.58400
24.10000 129.77203
24.15000 129.08067
24.20000 130.59173
24.25000 131.22714
24.30000 131.16105
24.35000 129.74533
24.40000 129.92339
24.45000 130.29815
24.50000 130.38985
24.55000 142.66695
24.60000 148.19928
24.65000 142.46726
24.70000 141.69739
24.75000 149.28310
24.80000 146.25609
24.85000 139.11762
24.90000 147.35068
24.95000 131.30834
25.00000 152.87630
25.05000 139.96598
25.10000 140.57115
25.15000 145.58646
25.20000 142.40058
25.25000 141.35297
25.30000 131.08450
25.35000 131.91389
25.40000 146.31556
25.45000 142.59056
25.50000 142.66719
25.55000 139.37787
25.60000 138.20973
25.65000 150.12589
25.70000 137.89645
25.75000 139.95383
25.80000 131.30394
25.85000 129.78654
25.90000 132.74092
25.95000 137.75615
26.00000 0.00000
26.05000 0.00000
26.10000 0.00000
26.15000 152.87882
26.20000 117.40347
26.25000 0.00000
26.30000 0.00000
26.35000 0.00000
